Vertices are in the same order as known_vertices_from_job4_reordered; that is the order in which came out of job4, but with the
first one (the deterministic one) moved to the end.

Vertex #0
  2  2  1  1  1  1  1  1  2  1  1  1  0  1  1  1  0  0  0  0  0  0  0  0  0  0  0  0  0  0  0  0  1  1  1  1  1  1  1  0  0  0  0  0  0  0  0  1  0  0  0  0  0  0  0  0  0  0  0  0  0  0  0  0  0  0  0  0  0  0  0  0  0  0  0  0  0  0  0  0  2
has normalised form 
  2  2  1  1  1  1  1  1  2  1  1  1  0  1  1  1  0  0  0  0  0  0  0  0  0  0  0  0  0  0  0  0  1  1  1  1  1  1  1  0  0  0  0  0  0  0  0  1  0  0  0  0  0  0  0  0  0  0  0  0  0  0  0  0  0  0  0  0  0  0  0  0  0  0  0  0  0  0  0  0  2
and has class size 16384
and class representative
  2  2  1  1  1  1  1  1  2  1  1  1  0  1  1  1  0  0  0  0  0  0  0  0  0  0  0  0  0  0  0  0  1  1  1  1  1  1  1  0  0  0  0  0  0  0  0  1  0  0  0  0  0  0  0  0  0  0  0  0  0  0  0  0  0  0  0  0  0  0  0  0  0  0  0  0  0  0  0  0  2

Vertex #1
  2  2  1  1  1  1  1  1  1  1  1  1  1  1  1  1  0  0  0  0  0  0  0  0  0  0  0  0  0  0  0  0  1  1  1  0  1  1  1  0  0  0  0  1  0  0  0  1  0  0  0  0  0  0  0  0  0  0  0  0  0  0  0  0  0  0  0  0  0  0  0  0  0  0  0  0  0  0  0  0  2
has normalised form 
  2  2  1  1  1  1  1  1  1  1  1  1  1  1  1  1  0  0  0  0  0  0  0  0  0  0  0  0  0  0  0  0  1  1  1  0  1  1  1  0  0  0  0  1  0  0  0  1  0  0  0  0  0  0  0  0  0  0  0  0  0  0  0  0  0  0  0  0  0  0  0  0  0  0  0  0  0  0  0  0  2
and has class size 4096
and class representative
  2  2  1  1  1  1  1  1  1  1  1  1  1  1  1  1  0  0  0  0  0  0  0  0  0  0  0  0  0  0  0  0  1  1  1  0  1  1  1  0  0  0  0  1  0  0  0  1  0  0  0  0  0  0  0  0  0  0  0  0  0  0  0  0  0  0  0  0  0  0  0  0  0  0  0  0  0  0  0  0  2

Vertex #2
  2  2  1  1  1  1  1  1  1  1  1  1  1  1  1  1  0  0  0  0  0  0  0  0  0  0  0  0  0  0  0  0  1  1  1  1  1  1  1  0  0  0  0  0  0  0  0  1  0  0  0  0  0  0  0  0  0  0  0  0  0  0  0  0  0  0  0  0  0  0  0  0  0  0  0  0  0  0  0  0  2
has normalised form 
  2  2  1  1  1  1  1  1  1  1  1  1  1  1  1  1  0  0  0  0  0  0  0  0  0  0  0  0  0  0  0  0  1  1  1  1  1  1  1  0  0  0  0  0  0  0  0  1  0  0  0  0  0  0  0  0  0  0  0  0  0  0  0  0  0  0  0  0  0  0  0  0  0  0  0  0  0  0  0  0  2
and has class size 8192
and class representative
  2  2  1  1  1  1  1  1  1  1  1  1  1  1  1  1  0  0  0  0  0  0  0  0  0  0  0  0  0  0  0  0  1  1  1  1  1  1  1  0  0  0  0  0  0  0  0  1  0  0  0  0  0  0  0  0  0  0  0  0  0  0  0  0  0  0  0  0  0  0  0  0  0  0  0  0  0  0  0  0  2

Vertex #3
  2  2  1  1  1  1  1  1  2  1  1  1  0  1  1  0  0  0  0  1  0  0  0  0  0  0  0  0  0  0  0  0  1  1  1  1  1  1  1  0  0  0  0  0  0  0  0  0  0  0  0  0  0  0  0  1  0  0  0  0  0  0  0  0  0  0  0  0  0  0  0  0  0  0  0  0  0  0  0  0  2
has normalised form 
  2  2  1  1  1  1  1  1  2  1  1  1  0  1  1  0  0  0  0  1  0  0  0  0  0  0  0  0  0  0  0  0  1  1  1  1  1  1  1  0  0  0  0  0  0  0  0  0  0  0  0  0  0  0  0  1  0  0  0  0  0  0  0  0  0  0  0  0  0  0  0  0  0  0  0  0  0  0  0  0  2
and has class size 32768
and class representative
  2  2  1  1  1  1  1  1  2  1  1  1  0  1  1  0  0  0  0  1  0  0  0  0  0  0  0  0  0  0  0  0  1  1  1  1  1  1  1  0  0  0  0  0  0  0  0  0  0  0  0  0  0  0  0  1  0  0  0  0  0  0  0  0  0  0  0  0  0  0  0  0  0  0  0  0  0  0  0  0  2

Vertex #4
  2  2  1  1  1  1  1  1  2  1  1  1  0  1  1  0  0  0  0  1  0  0  0  0  0  0  0  0  0  0  0  0  1  1  1  1  1  0  1  1  0  0  0  0  0  1  0  0  0  0  0  0  0  0  0  0  0  0  0  0  0  0  0  0  0  0  0  0  0  0  0  0  0  0  0  0  0  0  0  0  2
has normalised form 
  2  2  1  1  1  1  1  1  2  1  1  1  0  1  1  0  0  0  0  1  0  0  0  0  0  0  0  0  0  0  0  0  1  1  1  1  1  0  1  1  0  0  0  0  0  1  0  0  0  0  0  0  0  0  0  0  0  0  0  0  0  0  0  0  0  0  0  0  0  0  0  0  0  0  0  0  0  0  0  0  2
and has class size 32768
and class representative
  2  2  1  1  1  1  1  1  2  1  1  1  0  1  1  0  0  0  0  1  0  0  0  0  0  0  0  0  0  0  0  0  1  1  1  1  1  0  1  1  0  0  0  0  0  1  0  0  0  0  0  0  0  0  0  0  0  0  0  0  0  0  0  0  0  0  0  0  0  0  0  0  0  0  0  0  0  0  0  0  2

Vertex #5
  2  2  1  1  1  1  1  1  2  1  1  1  0  0  1  1  0  1  0  0  0  0  0  0  0  0  0  0  0  0  0  0  1  1  1  1  1  1  1  0  0  0  0  0  0  0  0  1  0  0  0  0  0  0  0  0  0  0  0  0  0  0  0  0  0  0  0  0  0  0  0  0  0  0  0  0  0  0  0  0  2
has normalised form 
  2  2  1  1  1  1  1  1  2  1  1  1  0  0  1  1  0  1  0  0  0  0  0  0  0  0  0  0  0  0  0  0  1  1  1  1  1  1  1  0  0  0  0  0  0  0  0  1  0  0  0  0  0  0  0  0  0  0  0  0  0  0  0  0  0  0  0  0  0  0  0  0  0  0  0  0  0  0  0  0  2
and has class size 32768
and class representative
  2  2  1  1  1  1  1  1  2  1  1  1  0  0  1  1  0  1  0  0  0  0  0  0  0  0  0  0  0  0  0  0  1  1  1  1  1  1  1  0  0  0  0  0  0  0  0  1  0  0  0  0  0  0  0  0  0  0  0  0  0  0  0  0  0  0  0  0  0  0  0  0  0  0  0  0  0  0  0  0  2

Vertex #6
  2  2  1  1  1  1  1  1  1  1  1  1  1  1  1  0  0  0  0  1  0  0  0  0  0  0  0  0  0  0  0  0  1  1  1  0  1  1  1  0  0  0  0  1  0  0  0  0  0  0  0  0  0  0  0  1  0  0  0  0  0  0  0  0  0  0  0  0  0  0  0  0  0  0  0  0  0  0  0  0  2
has normalised form 
  2  2  1  1  1  1  1  1  1  1  1  1  1  1  1  0  0  0  0  1  0  0  0  0  0  0  0  0  0  0  0  0  1  1  1  0  1  1  1  0  0  0  0  1  0  0  0  0  0  0  0  0  0  0  0  1  0  0  0  0  0  0  0  0  0  0  0  0  0  0  0  0  0  0  0  0  0  0  0  0  2
and has class size 32768
and class representative
  2  2  1  1  1  1  1  1  1  1  1  1  1  1  1  0  0  0  0  1  0  0  0  0  0  0  0  0  0  0  0  0  1  1  1  0  1  1  1  0  0  0  0  1  0  0  0  0  0  0  0  0  0  0  0  1  0  0  0  0  0  0  0  0  0  0  0  0  0  0  0  0  0  0  0  0  0  0  0  0  2

Vertex #7
  2  2  1  1  1  1  1  1  1  1  1  1  1  1  1  0  0  0  0  1  0  0  0  0  0  0  0  0  0  0  0  0  1  1  1  1  1  1  1  0  0  0  0  0  0  0  0  0  0  0  0  0  0  0  0  1  0  0  0  0  0  0  0  0  0  0  0  0  0  0  0  0  0  0  0  0  0  0  0  0  2
has normalised form 
  2  2  1  1  1  1  1  1  1  1  1  1  1  1  1  0  0  0  0  1  0  0  0  0  0  0  0  0  0  0  0  0  1  1  1  1  1  1  1  0  0  0  0  0  0  0  0  0  0  0  0  0  0  0  0  1  0  0  0  0  0  0  0  0  0  0  0  0  0  0  0  0  0  0  0  0  0  0  0  0  2
and has class size 16384
and class representative
  2  2  1  1  1  1  1  1  1  1  1  1  1  1  1  0  0  0  0  1  0  0  0  0  0  0  0  0  0  0  0  0  1  1  1  1  1  1  1  0  0  0  0  0  0  0  0  0  0  0  0  0  0  0  0  1  0  0  0  0  0  0  0  0  0  0  0  0  0  0  0  0  0  0  0  0  0  0  0  0  2

Vertex #8
  2  2  1  1  1  1  1  1  1  1  1  1  1  1  1  0  0  0  0  1  0  0  0  0  0  0  0  0  0  0  0  0  1  1  1  0  1  1  1  1  0  0  0  1  0  0  0  0  0  0  0  0  0  0  0  0  0  0  0  0  0  0  0  0  0  0  0  0  0  0  0  0  0  0  0  0  0  0  0  0  2
has normalised form 
  2  2  1  1  1  1  1  1  1  1  1  1  1  1  1  0  0  0  0  1  0  0  0  0  0  0  0  0  0  0  0  0  1  1  1  0  1  1  1  1  0  0  0  1  0  0  0  0  0  0  0  0  0  0  0  0  0  0  0  0  0  0  0  0  0  0  0  0  0  0  0  0  0  0  0  0  0  0  0  0  2
and has class size 32768
and class representative
  2  2  1  1  1  1  1  1  1  1  1  1  1  1  1  0  0  0  0  1  0  0  0  0  0  0  0  0  0  0  0  0  1  1  1  0  1  1  1  1  0  0  0  1  0  0  0  0  0  0  0  0  0  0  0  0  0  0  0  0  0  0  0  0  0  0  0  0  0  0  0  0  0  0  0  0  0  0  0  0  2

Vertex #9
  2  2  1  1  1  1  1  1  1  1  1  1  1  1  1  0  0  0  0  1  0  0  0  0  0  0  0  0  0  0  0  0  1  1  1  1  1  0  1  1  0  0  0  0  0  1  0  0  0  0  0  0  0  0  0  0  0  0  0  0  0  0  0  0  0  0  0  0  0  0  0  0  0  0  0  0  0  0  0  0  2
has normalised form 
  2  2  1  1  1  1  1  1  1  1  1  1  1  1  1  0  0  0  0  1  0  0  0  0  0  0  0  0  0  0  0  0  1  1  1  1  1  0  1  1  0  0  0  0  0  1  0  0  0  0  0  0  0  0  0  0  0  0  0  0  0  0  0  0  0  0  0  0  0  0  0  0  0  0  0  0  0  0  0  0  2
and has class size 16384
and class representative
  2  2  1  1  1  1  1  1  1  1  1  1  1  1  1  0  0  0  0  1  0  0  0  0  0  0  0  0  0  0  0  0  1  1  1  1  1  0  1  1  0  0  0  0  0  1  0  0  0  0  0  0  0  0  0  0  0  0  0  0  0  0  0  0  0  0  0  0  0  0  0  0  0  0  0  0  0  0  0  0  2

Vertex #10
  2  2  1  1  1  1  1  1  2  1  1  1  0  1  0  0  0  0  1  1  0  0  0  0  0  0  0  0  0  0  0  0  1  1  1  1  1  1  1  0  0  0  0  0  0  0  0  0  0  0  0  0  0  0  0  1  0  0  0  0  0  0  0  0  0  0  0  0  0  0  0  0  0  0  0  0  0  0  0  0  2
has normalised form 
  2  2  1  1  1  1  1  1  2  1  1  1  0  1  0  0  0  0  1  1  0  0  0  0  0  0  0  0  0  0  0  0  1  1  1  1  1  1  1  0  0  0  0  0  0  0  0  0  0  0  0  0  0  0  0  1  0  0  0  0  0  0  0  0  0  0  0  0  0  0  0  0  0  0  0  0  0  0  0  0  2
and has class size 65536
and class representative
  2  2  1  1  1  1  1  1  2  1  1  1  0  1  0  0  0  0  1  1  0  0  0  0  0  0  0  0  0  0  0  0  1  1  1  1  1  1  1  0  0  0  0  0  0  0  0  0  0  0  0  0  0  0  0  1  0  0  0  0  0  0  0  0  0  0  0  0  0  0  0  0  0  0  0  0  0  0  0  0  2

Vertex #11
  2  2  1  1  1  1  1  1  1  1  1  1  1  1  0  0  0  0  1  1  0  0  0  0  0  0  0  0  0  0  0  0  1  1  1  0  1  1  1  0  0  0  0  1  0  0  0  0  0  0  0  0  0  0  0  1  0  0  0  0  0  0  0  0  0  0  0  0  0  0  0  0  0  0  0  0  0  0  0  0  2
has normalised form 
  2  2  1  1  1  1  1  1  1  1  1  1  1  1  0  0  0  0  1  1  0  0  0  0  0  0  0  0  0  0  0  0  1  1  1  0  1  1  1  0  0  0  0  1  0  0  0  0  0  0  0  0  0  0  0  1  0  0  0  0  0  0  0  0  0  0  0  0  0  0  0  0  0  0  0  0  0  0  0  0  2
and has class size 32768
and class representative
  2  2  1  1  1  1  1  1  1  1  1  1  1  1  0  0  0  0  1  1  0  0  0  0  0  0  0  0  0  0  0  0  1  1  1  0  1  1  1  0  0  0  0  1  0  0  0  0  0  0  0  0  0  0  0  1  0  0  0  0  0  0  0  0  0  0  0  0  0  0  0  0  0  0  0  0  0  0  0  0  2

Vertex #12
  2  2  1  1  1  1  1  1  1  1  1  1  1  1  0  0  0  0  1  1  0  0  0  0  0  0  0  0  0  0  0  0  1  1  1  1  1  1  1  0  0  0  0  0  0  0  0  0  0  0  0  0  0  0  0  1  0  0  0  0  0  0  0  0  0  0  0  0  0  0  0  0  0  0  0  0  0  0  0  0  2
has normalised form 
  2  2  1  1  1  1  1  1  1  1  1  1  1  1  0  0  0  0  1  1  0  0  0  0  0  0  0  0  0  0  0  0  1  1  1  1  1  1  1  0  0  0  0  0  0  0  0  0  0  0  0  0  0  0  0  1  0  0  0  0  0  0  0  0  0  0  0  0  0  0  0  0  0  0  0  0  0  0  0  0  2
and has class size 32768
and class representative
  2  2  1  1  1  1  1  1  1  1  1  1  1  1  0  0  0  0  1  1  0  0  0  0  0  0  0  0  0  0  0  0  1  1  1  1  1  1  1  0  0  0  0  0  0  0  0  0  0  0  0  0  0  0  0  1  0  0  0  0  0  0  0  0  0  0  0  0  0  0  0  0  0  0  0  0  0  0  0  0  2

Vertex #13
  2  2  1  1  1  1  1  1  1  1  1  1  1  1  0  0  0  0  1  1  0  0  0  0  0  0  0  0  0  0  0  0  1  1  1  0  1  1  1  1  0  0  0  1  0  0  0  0  0  0  0  0  0  0  0  0  0  0  0  0  0  0  0  0  0  0  0  0  0  0  0  0  0  0  0  0  0  0  0  0  2
has normalised form 
  2  2  1  1  1  1  1  1  1  1  1  1  1  1  0  0  0  0  1  1  0  0  0  0  0  0  0  0  0  0  0  0  1  1  1  0  1  1  1  1  0  0  0  1  0  0  0  0  0  0  0  0  0  0  0  0  0  0  0  0  0  0  0  0  0  0  0  0  0  0  0  0  0  0  0  0  0  0  0  0  2
and has class size 32768
and class representative
  2  2  1  1  1  1  1  1  1  1  1  1  1  1  0  0  0  0  1  1  0  0  0  0  0  0  0  0  0  0  0  0  1  1  1  0  1  1  1  1  0  0  0  1  0  0  0  0  0  0  0  0  0  0  0  0  0  0  0  0  0  0  0  0  0  0  0  0  0  0  0  0  0  0  0  0  0  0  0  0  2

Vertex #14
  2  2  1  1  1  1  1  1  2  1  1  1  0  0  1  0  0  1  0  1  0  0  0  0  0  0  0  0  0  0  0  0  1  1  1  1  1  1  1  0  0  0  0  0  0  0  0  0  0  0  0  0  0  0  0  1  0  0  0  0  0  0  0  0  0  0  0  0  0  0  0  0  0  0  0  0  0  0  0  0  2
has normalised form 
  2  2  1  1  1  1  1  1  2  1  1  1  0  0  1  0  0  1  0  1  0  0  0  0  0  0  0  0  0  0  0  0  1  1  1  1  1  1  1  0  0  0  0  0  0  0  0  0  0  0  0  0  0  0  0  1  0  0  0  0  0  0  0  0  0  0  0  0  0  0  0  0  0  0  0  0  0  0  0  0  2
and has class size 65536
and class representative
  2  2  1  1  1  1  1  1  2  1  1  1  0  0  1  0  0  1  0  1  0  0  0  0  0  0  0  0  0  0  0  0  1  1  1  1  1  1  1  0  0  0  0  0  0  0  0  0  0  0  0  0  0  0  0  1  0  0  0  0  0  0  0  0  0  0  0  0  0  0  0  0  0  0  0  0  0  0  0  0  2

Vertex #15
  2  2  1  1  1  1  1  1  2  1  1  1  0  0  1  0  0  1  0  1  0  0  0  0  0  0  0  0  0  0  0  0  1  1  1  1  1  0  1  1  0  0  0  0  0  1  0  0  0  0  0  0  0  0  0  0  0  0  0  0  0  0  0  0  0  0  0  0  0  0  0  0  0  0  0  0  0  0  0  0  2
has normalised form 
  2  2  1  1  1  1  1  1  2  1  1  1  0  0  1  0  0  1  0  1  0  0  0  0  0  0  0  0  0  0  0  0  1  1  1  1  1  0  1  1  0  0  0  0  0  1  0  0  0  0  0  0  0  0  0  0  0  0  0  0  0  0  0  0  0  0  0  0  0  0  0  0  0  0  0  0  0  0  0  0  2
and has class size 65536
and class representative
  2  2  1  1  1  1  1  1  2  1  1  1  0  0  1  0  0  1  0  1  0  0  0  0  0  0  0  0  0  0  0  0  1  1  1  1  1  0  1  1  0  0  0  0  0  1  0  0  0  0  0  0  0  0  0  0  0  0  0  0  0  0  0  0  0  0  0  0  0  0  0  0  0  0  0  0  0  0  0  0  2

Vertex #16
  2  2  1  1  1  1  1  1  1  1  1  1  1  0  1  0  0  1  0  1  0  0  0  0  0  0  0  0  0  0  0  0  1  1  1  0  1  1  1  0  0  0  0  0  0  0  0  0  0  0  0  1  0  0  0  1  0  0  0  0  0  0  0  0  0  0  0  0  0  0  0  0  0  0  0  0  0  0  0  0  2
has normalised form 
  2  2  1  1  1  1  1  1  1  1  1  1  1  0  1  0  0  1  0  1  0  0  0  0  0  0  0  0  0  0  0  0  1  1  1  0  1  1  1  0  0  0  0  0  0  0  0  0  0  0  0  1  0  0  0  1  0  0  0  0  0  0  0  0  0  0  0  0  0  0  0  0  0  0  0  0  0  0  0  0  2
and has class size 32768
and class representative
  2  2  1  1  1  1  1  1  1  1  1  1  1  0  1  0  0  1  0  1  0  0  0  0  0  0  0  0  0  0  0  0  1  1  1  0  1  1  1  0  0  0  0  0  0  0  0  0  0  0  0  1  0  0  0  1  0  0  0  0  0  0  0  0  0  0  0  0  0  0  0  0  0  0  0  0  0  0  0  0  2

Vertex #17
  2  2  1  1  1  1  1  1  1  1  1  1  1  0  1  0  0  1  0  1  0  0  0  0  0  0  0  0  0  0  0  0  1  1  1  0  1  0  1  1  0  0  0  0  0  1  0  0  0  0  0  1  0  0  0  0  0  0  0  0  0  0  0  0  0  0  0  0  0  0  0  0  0  0  0  0  0  0  0  0  2
has normalised form 
  2  2  1  1  1  1  1  1  1  1  1  1  1  0  1  0  0  1  0  1  0  0  0  0  0  0  0  0  0  0  0  0  1  1  1  0  1  0  1  1  0  0  0  0  0  1  0  0  0  0  0  1  0  0  0  0  0  0  0  0  0  0  0  0  0  0  0  0  0  0  0  0  0  0  0  0  0  0  0  0  2
and has class size 32768
and class representative
  2  2  1  1  1  1  1  1  1  1  1  1  1  0  1  0  0  1  0  1  0  0  0  0  0  0  0  0  0  0  0  0  1  1  1  0  1  0  1  1  0  0  0  0  0  1  0  0  0  0  0  1  0  0  0  0  0  0  0  0  0  0  0  0  0  0  0  0  0  0  0  0  0  0  0  0  0  0  0  0  2

Vertex #18
  2  2  1  1  1  1  1  1  1  1  1  1  1  0  1  0  0  1  0  1  0  0  0  0  0  0  0  0  0  0  0  0  1  1  1  1  1  1  1  0  0  0  0  0  0  0  0  0  0  0  0  0  0  0  0  1  0  0  0  0  0  0  0  0  0  0  0  0  0  0  0  0  0  0  0  0  0  0  0  0  2
has normalised form 
  2  2  1  1  1  1  1  1  1  1  1  1  1  0  1  0  0  1  0  1  0  0  0  0  0  0  0  0  0  0  0  0  1  1  1  1  1  1  1  0  0  0  0  0  0  0  0  0  0  0  0  0  0  0  0  1  0  0  0  0  0  0  0  0  0  0  0  0  0  0  0  0  0  0  0  0  0  0  0  0  2
and has class size 65536
and class representative
  2  2  1  1  1  1  1  1  1  1  1  1  1  0  1  0  0  1  0  1  0  0  0  0  0  0  0  0  0  0  0  0  1  1  1  1  1  1  1  0  0  0  0  0  0  0  0  0  0  0  0  0  0  0  0  1  0  0  0  0  0  0  0  0  0  0  0  0  0  0  0  0  0  0  0  0  0  0  0  0  2

Vertex #19
  2  2  1  1  1  1  1  1  1  1  1  1  1  0  1  0  0  1  0  1  0  0  0  0  0  0  0  0  0  0  0  0  1  1  1  1  1  0  1  1  0  0  0  0  0  1  0  0  0  0  0  0  0  0  0  0  0  0  0  0  0  0  0  0  0  0  0  0  0  0  0  0  0  0  0  0  0  0  0  0  2
has normalised form 
  2  2  1  1  1  1  1  1  1  1  1  1  1  0  1  0  0  1  0  1  0  0  0  0  0  0  0  0  0  0  0  0  1  1  1  1  1  0  1  1  0  0  0  0  0  1  0  0  0  0  0  0  0  0  0  0  0  0  0  0  0  0  0  0  0  0  0  0  0  0  0  0  0  0  0  0  0  0  0  0  2
and has class size 65536
and class representative
  2  2  1  1  1  1  1  1  1  1  1  1  1  0  1  0  0  1  0  1  0  0  0  0  0  0  0  0  0  0  0  0  1  1  1  1  1  0  1  1  0  0  0  0  0  1  0  0  0  0  0  0  0  0  0  0  0  0  0  0  0  0  0  0  0  0  0  0  0  0  0  0  0  0  0  0  0  0  0  0  2

Vertex #20
  2  2  1  1  1  1  1  1  2  1  1  1  0  0  0  0  0  1  1  1  0  0  0  0  0  0  0  0  0  0  0  0  1  1  1  1  1  1  1  0  0  0  0  0  0  0  0  0  0  0  0  0  0  0  0  1  0  0  0  0  0  0  0  0  0  0  0  0  0  0  0  0  0  0  0  0  0  0  0  0  2
has normalised form 
  2  2  1  1  1  1  1  1  2  1  1  1  0  0  0  0  0  1  1  1  0  0  0  0  0  0  0  0  0  0  0  0  1  1  1  1  1  1  1  0  0  0  0  0  0  0  0  0  0  0  0  0  0  0  0  1  0  0  0  0  0  0  0  0  0  0  0  0  0  0  0  0  0  0  0  0  0  0  0  0  2
and has class size 131072
and class representative
  2  2  1  1  1  1  1  1  2  1  1  1  0  0  0  0  0  1  1  1  0  0  0  0  0  0  0  0  0  0  0  0  1  1  1  1  1  1  1  0  0  0  0  0  0  0  0  0  0  0  0  0  0  0  0  1  0  0  0  0  0  0  0  0  0  0  0  0  0  0  0  0  0  0  0  0  0  0  0  0  2

Vertex #21
  2  2  1  1  1  1  1  1  1  1  1  1  1  0  0  0  0  1  1  1  0  0  0  0  0  0  0  0  0  0  0  0  1  1  1  0  1  1  1  0  0  0  0  0  0  0  0  0  0  0  0  1  0  0  0  1  0  0  0  0  0  0  0  0  0  0  0  0  0  0  0  0  0  0  0  0  0  0  0  0  2
has normalised form 
  2  2  1  1  1  1  1  1  1  1  1  1  1  0  0  0  0  1  1  1  0  0  0  0  0  0  0  0  0  0  0  0  1  1  1  0  1  1  1  0  0  0  0  0  0  0  0  0  0  0  0  1  0  0  0  1  0  0  0  0  0  0  0  0  0  0  0  0  0  0  0  0  0  0  0  0  0  0  0  0  2
and has class size 131072
and class representative
  2  2  1  1  1  1  1  1  1  1  1  1  1  0  0  0  0  1  1  1  0  0  0  0  0  0  0  0  0  0  0  0  1  1  1  0  1  1  1  0  0  0  0  0  0  0  0  0  0  0  0  1  0  0  0  1  0  0  0  0  0  0  0  0  0  0  0  0  0  0  0  0  0  0  0  0  0  0  0  0  2

Vertex #22
  2  2  1  1  1  1  1  1  1  1  1  1  1  0  0  0  0  1  1  1  0  0  0  0  0  0  0  0  0  0  0  0  1  1  1  0  1  1  1  1  0  0  0  0  0  0  0  0  0  0  0  1  0  0  0  0  0  0  0  0  0  0  0  0  0  0  0  0  0  0  0  0  0  0  0  0  0  0  0  0  2
has normalised form 
  2  2  1  1  1  1  1  1  1  1  1  1  1  0  0  0  0  1  1  1  0  0  0  0  0  0  0  0  0  0  0  0  1  1  1  0  1  1  1  1  0  0  0  0  0  0  0  0  0  0  0  1  0  0  0  0  0  0  0  0  0  0  0  0  0  0  0  0  0  0  0  0  0  0  0  0  0  0  0  0  2
and has class size 65536
and class representative
  2  2  1  1  1  1  1  1  1  1  1  1  1  0  0  0  0  1  1  1  0  0  0  0  0  0  0  0  0  0  0  0  1  1  1  0  1  1  1  1  0  0  0  0  0  0  0  0  0  0  0  1  0  0  0  0  0  0  0  0  0  0  0  0  0  0  0  0  0  0  0  0  0  0  0  0  0  0  0  0  2

Vertex #23
  2  2  1  1  1  1  1  1  1  1  1  1  1  0  0  0  0  1  1  1  0  0  0  0  0  0  0  0  0  0  0  0  1  1  1  1  1  1  1  0  0  0  0  0  0  0  0  0  0  0  0  0  0  0  0  1  0  0  0  0  0  0  0  0  0  0  0  0  0  0  0  0  0  0  0  0  0  0  0  0  2
has normalised form 
  2  2  1  1  1  1  1  1  1  1  1  1  1  0  0  0  0  1  1  1  0  0  0  0  0  0  0  0  0  0  0  0  1  1  1  1  1  1  1  0  0  0  0  0  0  0  0  0  0  0  0  0  0  0  0  1  0  0  0  0  0  0  0  0  0  0  0  0  0  0  0  0  0  0  0  0  0  0  0  0  2
and has class size 131072
and class representative
  2  2  1  1  1  1  1  1  1  1  1  1  1  0  0  0  0  1  1  1  0  0  0  0  0  0  0  0  0  0  0  0  1  1  1  1  1  1  1  0  0  0  0  0  0  0  0  0  0  0  0  0  0  0  0  1  0  0  0  0  0  0  0  0  0  0  0  0  0  0  0  0  0  0  0  0  0  0  0  0  2

Vertex #24
  2  2  1  1  1  1  1  1  1  1  1  1  1  0  0  0  0  1  1  1  0  0  0  0  0  0  0  0  0  0  0  0  1  1  1  0  1  0  1  0  0  0  0  0  0  0  0  0  0  0  0  1  0  1  0  1  0  0  0  0  0  0  0  0  0  0  0  0  0  0  0  0  0  0  0  0  0  0  0  0  2
has normalised form 
  2  2  1  1  1  1  1  1  1  1  1  1  1  0  0  0  0  1  1  1  0  0  0  0  0  0  0  0  0  0  0  0  1  1  1  0  1  0  1  0  0  0  0  0  0  0  0  0  0  0  0  1  0  1  0  1  0  0  0  0  0  0  0  0  0  0  0  0  0  0  0  0  0  0  0  0  0  0  0  0  2
and has class size 65536
and class representative
  2  2  1  1  1  1  1  1  1  1  1  1  1  0  0  0  0  1  1  1  0  0  0  0  0  0  0  0  0  0  0  0  1  1  1  0  1  0  1  0  0  0  0  0  0  0  0  0  0  0  0  1  0  1  0  1  0  0  0  0  0  0  0  0  0  0  0  0  0  0  0  0  0  0  0  0  0  0  0  0  2

Vertex #25
  2  2  1  1  1  1  1  1  1  1  1  1  0  0  0  0  1  1  1  1  0  0  0  0  0  0  0  0  0  0  0  0  1  1  1  0  1  1  1  0  0  0  0  0  0  0  0  0  0  0  0  1  0  0  0  1  0  0  0  0  0  0  0  0  0  0  0  0  0  0  0  0  0  0  0  0  0  0  0  0  2
has normalised form 
  2  2  1  1  1  1  1  1  1  1  1  1  0  0  0  0  1  1  1  1  0  0  0  0  0  0  0  0  0  0  0  0  1  1  1  0  1  1  1  0  0  0  0  0  0  0  0  0  0  0  0  1  0  0  0  1  0  0  0  0  0  0  0  0  0  0  0  0  0  0  0  0  0  0  0  0  0  0  0  0  2
and has class size 65536
and class representative
  2  2  1  1  1  1  1  1  1  1  1  1  0  0  0  0  1  1  1  1  0  0  0  0  0  0  0  0  0  0  0  0  1  1  1  0  1  1  1  0  0  0  0  0  0  0  0  0  0  0  0  1  0  0  0  1  0  0  0  0  0  0  0  0  0  0  0  0  0  0  0  0  0  0  0  0  0  0  0  0  2

Vertex #26
  2  2  1  1  1  1  1  1  1  1  1  1  0  0  0  0  1  1  1  1  0  0  0  0  0  0  0  0  0  0  0  0  1  1  1  1  1  1  1  0  0  0  0  0  0  0  0  0  0  0  0  0  0  0  0  1  0  0  0  0  0  0  0  0  0  0  0  0  0  0  0  0  0  0  0  0  0  0  0  0  2
has normalised form 
  2  2  1  1  1  1  1  1  1  1  1  1  0  0  0  0  1  1  1  1  0  0  0  0  0  0  0  0  0  0  0  0  1  1  1  1  1  1  1  0  0  0  0  0  0  0  0  0  0  0  0  0  0  0  0  1  0  0  0  0  0  0  0  0  0  0  0  0  0  0  0  0  0  0  0  0  0  0  0  0  2
and has class size 131072
and class representative
  2  2  1  1  1  1  1  1  1  1  1  1  0  0  0  0  1  1  1  1  0  0  0  0  0  0  0  0  0  0  0  0  1  1  1  1  1  1  1  0  0  0  0  0  0  0  0  0  0  0  0  0  0  0  0  1  0  0  0  0  0  0  0  0  0  0  0  0  0  0  0  0  0  0  0  0  0  0  0  0  2

Vertex #27
  2  1  1  1  1  1  1  1  1  1  1  1  1  1  0  0  0  0  0  0  0  0  1  1  0  0  0  0  0  0  0  0  1  1  1  0  1  1  1  1  0  0  0  1  0  0  0  0  0  0  0  0  0  0  0  0  0  0  0  0  0  0  0  0  0  0  0  0  0  0  0  0  0  0  0  0  0  0  0  0  2
has normalised form 
  2  1  1  1  1  1  1  1  1  1  1  1  1  1  0  0  0  0  0  0  0  0  1  1  0  0  0  0  0  0  0  0  1  1  1  0  1  1  1  1  0  0  0  1  0  0  0  0  0  0  0  0  0  0  0  0  0  0  0  0  0  0  0  0  0  0  0  0  0  0  0  0  0  0  0  0  0  0  0  0  2
and has class size 131072
and class representative
  2  1  1  1  1  1  1  1  1  1  1  1  1  1  0  0  0  0  0  0  0  0  1  1  0  0  0  0  0  0  0  0  1  1  1  0  1  1  1  1  0  0  0  1  0  0  0  0  0  0  0  0  0  0  0  0  0  0  0  0  0  0  0  0  0  0  0  0  0  0  0  0  0  0  0  0  0  0  0  0  2

Vertex #28
  2  1  1  1  1  1  1  1  1  1  1  1  1  0  0  0  0  1  0  0  0  0  1  1  0  0  0  0  0  0  0  0  1  1  1  0  1  1  1  1  0  0  0  0  0  0  0  0  0  0  0  1  0  0  0  0  0  0  0  0  0  0  0  0  0  0  0  0  0  0  0  0  0  0  0  0  0  0  0  0  2
has normalised form 
  2  1  1  1  1  1  1  1  1  1  1  1  1  0  0  0  0  1  0  0  0  0  1  1  0  0  0  0  0  0  0  0  1  1  1  0  1  1  1  1  0  0  0  0  0  0  0  0  0  0  0  1  0  0  0  0  0  0  0  0  0  0  0  0  0  0  0  0  0  0  0  0  0  0  0  0  0  0  0  0  2
and has class size 262144
and class representative
  2  1  1  1  1  1  1  1  1  1  1  1  1  0  0  0  0  1  0  0  0  0  1  1  0  0  0  0  0  0  0  0  1  1  1  0  1  1  1  1  0  0  0  0  0  0  0  0  0  0  0  1  0  0  0  0  0  0  0  0  0  0  0  0  0  0  0  0  0  0  0  0  0  0  0  0  0  0  0  0  2

Vertex #29
  2  1  1  1  1  1  1  1  1  1  1  1  1  0  0  0  0  1  0  0  0  0  1  1  0  0  0  0  0  0  0  0  1  0  1  1  1  1  1  1  0  1  0  0  0  0  0  0  0  0  0  0  0  0  0  0  0  0  0  0  0  0  0  0  0  0  0  0  0  0  0  0  0  0  0  0  0  0  0  0  2
has normalised form 
  2  1  1  1  1  1  1  1  1  1  1  1  1  0  0  0  0  1  0  0  0  0  1  1  0  0  0  0  0  0  0  0  1  0  1  1  1  1  1  1  0  1  0  0  0  0  0  0  0  0  0  0  0  0  0  0  0  0  0  0  0  0  0  0  0  0  0  0  0  0  0  0  0  0  0  0  0  0  0  0  2
and has class size 262144
and class representative
  2  1  1  1  1  1  1  1  1  1  1  1  1  0  0  0  0  1  0  0  0  0  1  1  0  0  0  0  0  0  0  0  1  0  1  1  1  1  1  1  0  1  0  0  0  0  0  0  0  0  0  0  0  0  0  0  0  0  0  0  0  0  0  0  0  0  0  0  0  0  0  0  0  0  0  0  0  0  0  0  2

Vertex #30
  2  1  1  1  1  1  1  1  1  1  1  1  0  0  0  0  1  1  0  0  0  0  1  1  0  0  0  0  0  0  0  0  1  1  1  0  1  1  1  1  0  0  0  0  0  0  0  0  0  0  0  1  0  0  0  0  0  0  0  0  0  0  0  0  0  0  0  0  0  0  0  0  0  0  0  0  0  0  0  0  2
has normalised form 
  2  1  1  1  1  1  1  1  1  1  1  1  0  0  0  0  1  1  0  0  0  0  1  1  0  0  0  0  0  0  0  0  1  1  1  0  1  1  1  1  0  0  0  0  0  0  0  0  0  0  0  1  0  0  0  0  0  0  0  0  0  0  0  0  0  0  0  0  0  0  0  0  0  0  0  0  0  0  0  0  2
and has class size 524288
and class representative
  2  1  1  1  1  1  1  1  1  1  1  1  0  0  0  0  1  1  0  0  0  0  1  1  0  0  0  0  0  0  0  0  1  1  1  0  1  1  1  1  0  0  0  0  0  0  0  0  0  0  0  1  0  0  0  0  0  0  0  0  0  0  0  0  0  0  0  0  0  0  0  0  0  0  0  0  0  0  0  0  2

Vertex #31
  2  1  1  1  1  1  1  1  2  1  1  1  0  1  0  0  0  0  0  0  0  0  1  1  0  0  0  0  0  0  0  0  1  1  1  0  1  1  1  1  0  0  0  1  0  0  0  0  0  0  0  0  0  0  0  0  0  0  0  0  0  0  0  0  0  0  0  0  0  0  0  0  0  0  0  0  0  0  0  0  2
has normalised form 
  2  1  1  1  1  1  1  1  2  1  1  1  0  1  0  0  0  0  0  0  0  0  1  1  0  0  0  0  0  0  0  0  1  1  1  0  1  1  1  1  0  0  0  1  0  0  0  0  0  0  0  0  0  0  0  0  0  0  0  0  0  0  0  0  0  0  0  0  0  0  0  0  0  0  0  0  0  0  0  0  2
and has class size 131072
and class representative
  2  1  1  1  1  1  1  1  2  1  1  1  0  1  0  0  0  0  0  0  0  0  1  1  0  0  0  0  0  0  0  0  1  1  1  0  1  1  1  1  0  0  0  1  0  0  0  0  0  0  0  0  0  0  0  0  0  0  0  0  0  0  0  0  0  0  0  0  0  0  0  0  0  0  0  0  0  0  0  0  2

Vertex #32
  2  1  1  1  1  1  1  1  1  1  1  1  1  1  0  0  0  0  0  0  0  0  1  1  0  0  0  0  0  0  0  0  1  0  1  0  1  1  1  1  0  1  0  1  0  0  0  0  0  0  0  0  0  0  0  0  0  0  0  0  0  0  0  0  0  0  0  0  0  0  0  0  0  0  0  0  0  0  0  0  2
has normalised form 
  2  1  1  1  1  1  1  1  1  1  1  1  1  1  0  0  0  0  0  0  0  0  1  1  0  0  0  0  0  0  0  0  1  0  1  0  1  1  1  1  0  1  0  1  0  0  0  0  0  0  0  0  0  0  0  0  0  0  0  0  0  0  0  0  0  0  0  0  0  0  0  0  0  0  0  0  0  0  0  0  2
and has class size 65536
and class representative
  2  1  1  1  1  1  1  1  1  1  1  1  1  1  0  0  0  0  0  0  0  0  1  1  0  0  0  0  0  0  0  0  1  0  1  0  1  1  1  1  0  1  0  1  0  0  0  0  0  0  0  0  0  0  0  0  0  0  0  0  0  0  0  0  0  0  0  0  0  0  0  0  0  0  0  0  0  0  0  0  2

Vertex #33
  2  1  1  1  1  1  1  1  2  1  1  1  0  0  0  0  0  1  0  0  0  0  1  1  0  0  0  0  0  0  0  0  1  1  1  0  1  1  1  1  0  0  0  0  0  0  0  0  0  0  0  1  0  0  0  0  0  0  0  0  0  0  0  0  0  0  0  0  0  0  0  0  0  0  0  0  0  0  0  0  2
has normalised form 
  2  1  1  1  1  1  1  1  2  1  1  1  0  0  0  0  0  1  0  0  0  0  1  1  0  0  0  0  0  0  0  0  1  1  1  0  1  1  1  1  0  0  0  0  0  0  0  0  0  0  0  1  0  0  0  0  0  0  0  0  0  0  0  0  0  0  0  0  0  0  0  0  0  0  0  0  0  0  0  0  2
and has class size 262144
and class representative
  2  1  1  1  1  1  1  1  2  1  1  1  0  0  0  0  0  1  0  0  0  0  1  1  0  0  0  0  0  0  0  0  1  1  1  0  1  1  1  1  0  0  0  0  0  0  0  0  0  0  0  1  0  0  0  0  0  0  0  0  0  0  0  0  0  0  0  0  0  0  0  0  0  0  0  0  0  0  0  0  2

Vertex #34
  2  1  1  1  1  1  1  1  1  1  1  1  1  0  0  0  0  1  0  0  0  0  1  1  0  0  0  0  0  0  0  0  1  0  1  0  1  1  1  1  0  1  0  0  0  0  0  0  0  0  0  1  0  0  0  0  0  0  0  0  0  0  0  0  0  0  0  0  0  0  0  0  0  0  0  0  0  0  0  0  2
has normalised form 
  2  1  1  1  1  1  1  1  1  1  1  1  1  0  0  0  0  1  0  0  0  0  1  1  0  0  0  0  0  0  0  0  1  0  1  0  1  1  1  1  0  1  0  0  0  0  0  0  0  0  0  1  0  0  0  0  0  0  0  0  0  0  0  0  0  0  0  0  0  0  0  0  0  0  0  0  0  0  0  0  2
and has class size 262144
and class representative
  2  1  1  1  1  1  1  1  1  1  1  1  1  0  0  0  0  1  0  0  0  0  1  1  0  0  0  0  0  0  0  0  1  0  1  0  1  1  1  1  0  1  0  0  0  0  0  0  0  0  0  1  0  0  0  0  0  0  0  0  0  0  0  0  0  0  0  0  0  0  0  0  0  0  0  0  0  0  0  0  2

Vertex #35
  2  1  1  1  1  1  1  1  1  1  1  1  0  0  0  0  1  1  0  0  0  0  1  1  0  0  0  0  0  0  0  0  1  0  1  0  1  1  1  1  0  0  0  0  0  0  0  0  0  1  0  1  0  0  0  0  0  0  0  0  0  0  0  0  0  0  0  0  0  0  0  0  0  0  0  0  0  0  0  0  2
has normalised form 
  2  1  1  1  1  1  1  1  1  1  1  1  0  0  0  0  1  1  0  0  0  0  1  1  0  0  0  0  0  0  0  0  1  0  1  0  1  1  1  1  0  0  0  0  0  0  0  0  0  1  0  1  0  0  0  0  0  0  0  0  0  0  0  0  0  0  0  0  0  0  0  0  0  0  0  0  0  0  0  0  2
and has class size 262144
and class representative
  2  1  1  1  1  1  1  1  1  1  1  1  0  0  0  0  1  1  0  0  0  0  1  1  0  0  0  0  0  0  0  0  1  0  1  0  1  1  1  1  0  0  0  0  0  0  0  0  0  1  0  1  0  0  0  0  0  0  0  0  0  0  0  0  0  0  0  0  0  0  0  0  0  0  0  0  0  0  0  0  2

Vertex #36
  2  2  1  1  1  1  1  1  2  1  1  1  0  1  0  0  0  0  1  1  0  0  0  0  0  0  0  0  0  0  0  0  1  1  1  1  1  0  1  0  0  0  0  0  0  0  0  0  0  0  0  0  0  1  0  1  0  0  0  0  0  0  0  0  0  0  0  0  0  0  0  0  0  0  0  0  0  0  0  0  2
has normalised form 
  2  2  1  1  1  1  1  1  2  1  1  1  0  1  0  0  0  0  1  1  0  0  0  0  0  0  0  0  0  0  0  0  1  1  1  1  1  0  1  0  0  0  0  0  0  0  0  0  0  0  0  0  0  1  0  1  0  0  0  0  0  0  0  0  0  0  0  0  0  0  0  0  0  0  0  0  0  0  0  0  2
and has class size 32768
and class representative
  2  2  1  1  1  1  1  1  2  1  1  1  0  1  0  0  0  0  1  1  0  0  0  0  0  0  0  0  0  0  0  0  1  1  1  1  1  0  1  0  0  0  0  0  0  0  0  0  0  0  0  0  0  1  0  1  0  0  0  0  0  0  0  0  0  0  0  0  0  0  0  0  0  0  0  0  0  0  0  0  2

Vertex #37
  2  2  1  1  1  1  1  1  1  1  1  1  1  1  0  0  0  0  1  1  0  0  0  0  0  0  0  0  0  0  0  0  1  1  1  1  1  0  1  0  0  0  0  0  0  0  0  0  0  0  0  0  0  1  0  1  0  0  0  0  0  0  0  0  0  0  0  0  0  0  0  0  0  0  0  0  0  0  0  0  2
has normalised form 
  2  2  1  1  1  1  1  1  1  1  1  1  1  1  0  0  0  0  1  1  0  0  0  0  0  0  0  0  0  0  0  0  1  1  1  1  1  0  1  0  0  0  0  0  0  0  0  0  0  0  0  0  0  1  0  1  0  0  0  0  0  0  0  0  0  0  0  0  0  0  0  0  0  0  0  0  0  0  0  0  2
and has class size 16384
and class representative
  2  2  1  1  1  1  1  1  1  1  1  1  1  1  0  0  0  0  1  1  0  0  0  0  0  0  0  0  0  0  0  0  1  1  1  1  1  0  1  0  0  0  0  0  0  0  0  0  0  0  0  0  0  1  0  1  0  0  0  0  0  0  0  0  0  0  0  0  0  0  0  0  0  0  0  0  0  0  0  0  2

Vertex #38
  2  2  1  1  1  1  1  1  2  1  1  1  0  0  0  0  0  1  1  1  0  0  0  0  0  0  0  0  0  0  0  0  1  1  1  1  1  0  1  0  0  0  0  0  0  0  0  0  0  0  0  0  0  1  0  1  0  0  0  0  0  0  0  0  0  0  0  0  0  0  0  0  0  0  0  0  0  0  0  0  2
has normalised form 
  2  2  1  1  1  1  1  1  2  1  1  1  0  0  0  0  0  1  1  1  0  0  0  0  0  0  0  0  0  0  0  0  1  1  1  1  1  0  1  0  0  0  0  0  0  0  0  0  0  0  0  0  0  1  0  1  0  0  0  0  0  0  0  0  0  0  0  0  0  0  0  0  0  0  0  0  0  0  0  0  2
and has class size 65536
and class representative
  2  2  1  1  1  1  1  1  2  1  1  1  0  0  0  0  0  1  1  1  0  0  0  0  0  0  0  0  0  0  0  0  1  1  1  1  1  0  1  0  0  0  0  0  0  0  0  0  0  0  0  0  0  1  0  1  0  0  0  0  0  0  0  0  0  0  0  0  0  0  0  0  0  0  0  0  0  0  0  0  2

Vertex #39
  2  2  1  1  1  1  1  1  1  1  1  1  1  0  0  0  0  1  1  1  0  0  0  0  0  0  0  0  0  0  0  0  1  1  1  1  1  0  1  0  0  0  0  0  0  0  0  0  0  0  0  0  0  1  0  1  0  0  0  0  0  0  0  0  0  0  0  0  0  0  0  0  0  0  0  0  0  0  0  0  2
has normalised form 
  2  2  1  1  1  1  1  1  1  1  1  1  1  0  0  0  0  1  1  1  0  0  0  0  0  0  0  0  0  0  0  0  1  1  1  1  1  0  1  0  0  0  0  0  0  0  0  0  0  0  0  0  0  1  0  1  0  0  0  0  0  0  0  0  0  0  0  0  0  0  0  0  0  0  0  0  0  0  0  0  2
and has class size 65536
and class representative
  2  2  1  1  1  1  1  1  1  1  1  1  1  0  0  0  0  1  1  1  0  0  0  0  0  0  0  0  0  0  0  0  1  1  1  1  1  0  1  0  0  0  0  0  0  0  0  0  0  0  0  0  0  1  0  1  0  0  0  0  0  0  0  0  0  0  0  0  0  0  0  0  0  0  0  0  0  0  0  0  2

Vertex #40
  2  2  1  1  1  1  1  1  1  1  1  1  0  0  0  0  1  1  1  1  0  0  0  0  0  0  0  0  0  0  0  0  1  1  1  1  1  0  1  0  0  0  0  0  0  0  0  0  0  0  0  0  0  1  0  1  0  0  0  0  0  0  0  0  0  0  0  0  0  0  0  0  0  0  0  0  0  0  0  0  2
has normalised form 
  2  2  1  1  1  1  1  1  1  1  1  1  0  0  0  0  1  1  1  1  0  0  0  0  0  0  0  0  0  0  0  0  1  1  1  1  1  0  1  0  0  0  0  0  0  0  0  0  0  0  0  0  0  1  0  1  0  0  0  0  0  0  0  0  0  0  0  0  0  0  0  0  0  0  0  0  0  0  0  0  2
and has class size 32768
and class representative
  2  2  1  1  1  1  1  1  1  1  1  1  0  0  0  0  1  1  1  1  0  0  0  0  0  0  0  0  0  0  0  0  1  1  1  1  1  0  1  0  0  0  0  0  0  0  0  0  0  0  0  0  0  1  0  1  0  0  0  0  0  0  0  0  0  0  0  0  0  0  0  0  0  0  0  0  0  0  0  0  2

Vertex #41
  2  2  1  1  1  1  1  1  2  1  1  1  0  1  1  0  0  0  0  1  0  0  0  0  0  0  0  0  0  0  0  0  1  1  1  1  1  0  1  0  0  0  0  0  0  1  0  0  0  0  0  0  0  0  0  1  0  0  0  0  0  0  0  0  0  0  0  0  0  0  0  0  0  0  0  0  0  0  0  0  2
has normalised form 
  2  2  1  1  1  1  1  1  2  1  1  1  0  1  1  0  0  0  0  1  0  0  0  0  0  0  0  0  0  0  0  0  1  1  1  1  1  0  1  0  0  0  0  0  0  1  0  0  0  0  0  0  0  0  0  1  0  0  0  0  0  0  0  0  0  0  0  0  0  0  0  0  0  0  0  0  0  0  0  0  2
and has class size 32768
and class representative
  2  2  1  1  1  1  1  1  2  1  1  1  0  1  1  0  0  0  0  1  0  0  0  0  0  0  0  0  0  0  0  0  1  1  1  1  1  0  1  0  0  0  0  0  0  1  0  0  0  0  0  0  0  0  0  1  0  0  0  0  0  0  0  0  0  0  0  0  0  0  0  0  0  0  0  0  0  0  0  0  2

Vertex #42
  2  2  1  1  1  1  1  1  1  1  1  1  1  1  1  0  0  0  0  1  0  0  0  0  0  0  0  0  0  0  0  0  1  1  1  1  1  0  1  0  0  0  0  0  0  1  0  0  0  0  0  0  0  0  0  1  0  0  0  0  0  0  0  0  0  0  0  0  0  0  0  0  0  0  0  0  0  0  0  0  2
has normalised form 
  2  2  1  1  1  1  1  1  1  1  1  1  1  1  1  0  0  0  0  1  0  0  0  0  0  0  0  0  0  0  0  0  1  1  1  1  1  0  1  0  0  0  0  0  0  1  0  0  0  0  0  0  0  0  0  1  0  0  0  0  0  0  0  0  0  0  0  0  0  0  0  0  0  0  0  0  0  0  0  0  2
and has class size 16384
and class representative
  2  2  1  1  1  1  1  1  1  1  1  1  1  1  1  0  0  0  0  1  0  0  0  0  0  0  0  0  0  0  0  0  1  1  1  1  1  0  1  0  0  0  0  0  0  1  0  0  0  0  0  0  0  0  0  1  0  0  0  0  0  0  0  0  0  0  0  0  0  0  0  0  0  0  0  0  0  0  0  0  2

Vertex #43
  2  2  1  1  1  1  1  1  2  1  1  1  0  0  1  0  0  1  0  1  0  0  0  0  0  0  0  0  0  0  0  0  1  1  1  1  1  0  1  0  0  0  0  0  0  1  0  0  0  0  0  0  0  0  0  1  0  0  0  0  0  0  0  0  0  0  0  0  0  0  0  0  0  0  0  0  0  0  0  0  2
has normalised form 
  2  2  1  1  1  1  1  1  2  1  1  1  0  0  1  0  0  1  0  1  0  0  0  0  0  0  0  0  0  0  0  0  1  1  1  1  1  0  1  0  0  0  0  0  0  1  0  0  0  0  0  0  0  0  0  1  0  0  0  0  0  0  0  0  0  0  0  0  0  0  0  0  0  0  0  0  0  0  0  0  2
and has class size 65536
and class representative
  2  2  1  1  1  1  1  1  2  1  1  1  0  0  1  0  0  1  0  1  0  0  0  0  0  0  0  0  0  0  0  0  1  1  1  1  1  0  1  0  0  0  0  0  0  1  0  0  0  0  0  0  0  0  0  1  0  0  0  0  0  0  0  0  0  0  0  0  0  0  0  0  0  0  0  0  0  0  0  0  2

Vertex #44
  2  2  1  1  1  1  1  1  1  1  1  1  1  0  1  0  0  1  0  1  0  0  0  0  0  0  0  0  0  0  0  0  1  1  1  1  1  0  1  0  0  0  0  0  0  1  0  0  0  0  0  0  0  0  0  1  0  0  0  0  0  0  0  0  0  0  0  0  0  0  0  0  0  0  0  0  0  0  0  0  2
has normalised form 
  2  2  1  1  1  1  1  1  1  1  1  1  1  0  1  0  0  1  0  1  0  0  0  0  0  0  0  0  0  0  0  0  1  1  1  1  1  0  1  0  0  0  0  0  0  1  0  0  0  0  0  0  0  0  0  1  0  0  0  0  0  0  0  0  0  0  0  0  0  0  0  0  0  0  0  0  0  0  0  0  2
and has class size 32768
and class representative
  2  2  1  1  1  1  1  1  1  1  1  1  1  0  1  0  0  1  0  1  0  0  0  0  0  0  0  0  0  0  0  0  1  1  1  1  1  0  1  0  0  0  0  0  0  1  0  0  0  0  0  0  0  0  0  1  0  0  0  0  0  0  0  0  0  0  0  0  0  0  0  0  0  0  0  0  0  0  0  0  2

Vertex #45
  2  2  1  1  1  1  1  1  2  1  1  1  0  1  1  1  0  0  0  0  0  0  0  0  0  0  0  0  0  0  0  0  1  1  1  1  1  0  1  0  0  0  0  0  0  1  0  1  0  0  0  0  0  0  0  0  0  0  0  0  0  0  0  0  0  0  0  0  0  0  0  0  0  0  0  0  0  0  0  0  2
has normalised form 
  2  2  1  1  1  1  1  1  2  1  1  1  0  1  1  1  0  0  0  0  0  0  0  0  0  0  0  0  0  0  0  0  1  1  1  1  1  0  1  0  0  0  0  0  0  1  0  1  0  0  0  0  0  0  0  0  0  0  0  0  0  0  0  0  0  0  0  0  0  0  0  0  0  0  0  0  0  0  0  0  2
and has class size 8192
and class representative
  2  2  1  1  1  1  1  1  2  1  1  1  0  1  1  1  0  0  0  0  0  0  0  0  0  0  0  0  0  0  0  0  1  1  1  1  1  0  1  0  0  0  0  0  0  1  0  1  0  0  0  0  0  0  0  0  0  0  0  0  0  0  0  0  0  0  0  0  0  0  0  0  0  0  0  0  0  0  0  0  2

Vertex #46
  2  2  1  1  1  1  1  1  1  1  1  1  1  1  1  1  0  0  0  0  0  0  0  0  0  0  0  0  0  0  0  0  1  1  1  1  1  0  1  0  0  0  0  0  0  1  0  1  0  0  0  0  0  0  0  0  0  0  0  0  0  0  0  0  0  0  0  0  0  0  0  0  0  0  0  0  0  0  0  0  2
has normalised form 
  2  2  1  1  1  1  1  1  1  1  1  1  1  1  1  1  0  0  0  0  0  0  0  0  0  0  0  0  0  0  0  0  1  1  1  1  1  0  1  0  0  0  0  0  0  1  0  1  0  0  0  0  0  0  0  0  0  0  0  0  0  0  0  0  0  0  0  0  0  0  0  0  0  0  0  0  0  0  0  0  2
and has class size 2048
and class representative
  2  2  1  1  1  1  1  1  1  1  1  1  1  1  1  1  0  0  0  0  0  0  0  0  0  0  0  0  0  0  0  0  1  1  1  1  1  0  1  0  0  0  0  0  0  1  0  1  0  0  0  0  0  0  0  0  0  0  0  0  0  0  0  0  0  0  0  0  0  0  0  0  0  0  0  0  0  0  0  0  2

Vertex #47
  2  2  1  1  1  1  1  1  2  1  1  1  0  0  1  1  0  1  0  0  0  0  0  0  0  0  0  0  0  0  0  0  1  1  1  1  1  0  1  0  0  0  0  0  0  1  0  1  0  0  0  0  0  0  0  0  0  0  0  0  0  0  0  0  0  0  0  0  0  0  0  0  0  0  0  0  0  0  0  0  2
has normalised form 
  2  2  1  1  1  1  1  1  2  1  1  1  0  0  1  1  0  1  0  0  0  0  0  0  0  0  0  0  0  0  0  0  1  1  1  1  1  0  1  0  0  0  0  0  0  1  0  1  0  0  0  0  0  0  0  0  0  0  0  0  0  0  0  0  0  0  0  0  0  0  0  0  0  0  0  0  0  0  0  0  2
and has class size 16384
and class representative
  2  2  1  1  1  1  1  1  2  1  1  1  0  0  1  1  0  1  0  0  0  0  0  0  0  0  0  0  0  0  0  0  1  1  1  1  1  0  1  0  0  0  0  0  0  1  0  1  0  0  0  0  0  0  0  0  0  0  0  0  0  0  0  0  0  0  0  0  0  0  0  0  0  0  0  0  0  0  0  0  2

Vertex #48
  2  2  1  1  1  1  1  1  2  1  2  1  0  1  0  0  0  0  0  1  0  0  0  0  0  0  0  0  0  0  0  0  1  1  1  1  1  1  1  0  0  0  0  0  0  0  0  0  0  0  0  0  0  0  0  1  0  0  0  0  0  0  0  0  0  0  0  0  0  0  0  0  0  0  0  0  0  0  0  0  2
has normalised form 
  2  2  1  1  1  1  1  1  2  1  2  1  0  1  0  0  0  0  0  1  0  0  0  0  0  0  0  0  0  0  0  0  1  1  1  1  1  1  1  0  0  0  0  0  0  0  0  0  0  0  0  0  0  0  0  1  0  0  0  0  0  0  0  0  0  0  0  0  0  0  0  0  0  0  0  0  0  0  0  0  2
and has class size 32768
and class representative
  2  2  1  1  1  1  1  1  2  1  2  1  0  1  0  0  0  0  0  1  0  0  0  0  0  0  0  0  0  0  0  0  1  1  1  1  1  1  1  0  0  0  0  0  0  0  0  0  0  0  0  0  0  0  0  1  0  0  0  0  0  0  0  0  0  0  0  0  0  0  0  0  0  0  0  0  0  0  0  0  2

Vertex #49
  2  2  1  1  1  1  1  1  2  1  2  1  0  0  0  0  0  1  0  1  0  0  0  0  0  0  0  0  0  0  0  0  1  1  1  1  1  1  1  0  0  0  0  0  0  0  0  0  0  0  0  0  0  0  0  1  0  0  0  0  0  0  0  0  0  0  0  0  0  0  0  0  0  0  0  0  0  0  0  0  2
has normalised form 
  2  2  1  1  1  1  1  1  2  1  2  1  0  0  0  0  0  1  0  1  0  0  0  0  0  0  0  0  0  0  0  0  1  1  1  1  1  1  1  0  0  0  0  0  0  0  0  0  0  0  0  0  0  0  0  1  0  0  0  0  0  0  0  0  0  0  0  0  0  0  0  0  0  0  0  0  0  0  0  0  2
and has class size 32768
and class representative
  2  2  1  1  1  1  1  1  2  1  2  1  0  0  0  0  0  1  0  1  0  0  0  0  0  0  0  0  0  0  0  0  1  1  1  1  1  1  1  0  0  0  0  0  0  0  0  0  0  0  0  0  0  0  0  1  0  0  0  0  0  0  0  0  0  0  0  0  0  0  0  0  0  0  0  0  0  0  0  0  2

Vertex #50
  2  2  1  1  1  1  1  1  2  1  2  1  0  1  0  1  0  0  0  0  0  0  0  0  0  0  0  0  0  0  0  0  1  1  1  1  1  1  1  0  0  0  0  0  0  0  0  1  0  0  0  0  0  0  0  0  0  0  0  0  0  0  0  0  0  0  0  0  0  0  0  0  0  0  0  0  0  0  0  0  2
has normalised form 
  2  2  1  1  1  1  1  1  2  1  2  1  0  1  0  1  0  0  0  0  0  0  0  0  0  0  0  0  0  0  0  0  1  1  1  1  1  1  1  0  0  0  0  0  0  0  0  1  0  0  0  0  0  0  0  0  0  0  0  0  0  0  0  0  0  0  0  0  0  0  0  0  0  0  0  0  0  0  0  0  2
and has class size 8192
and class representative
  2  2  1  1  1  1  1  1  2  1  2  1  0  1  0  1  0  0  0  0  0  0  0  0  0  0  0  0  0  0  0  0  1  1  1  1  1  1  1  0  0  0  0  0  0  0  0  1  0  0  0  0  0  0  0  0  0  0  0  0  0  0  0  0  0  0  0  0  0  0  0  0  0  0  0  0  0  0  0  0  2

Vertex #51
  2  2  1  1  1  1  1  1  2  2  1  1  0  0  1  1  0  0  0  0  0  0  0  0  0  0  0  0  0  0  0  0  1  1  1  1  1  1  1  0  0  0  0  0  0  0  0  1  0  0  0  0  0  0  0  0  0  0  0  0  0  0  0  0  0  0  0  0  0  0  0  0  0  0  0  0  0  0  0  0  2
has normalised form 
  2  2  1  1  1  1  1  1  2  2  1  1  0  0  1  1  0  0  0  0  0  0  0  0  0  0  0  0  0  0  0  0  1  1  1  1  1  1  1  0  0  0  0  0  0  0  0  1  0  0  0  0  0  0  0  0  0  0  0  0  0  0  0  0  0  0  0  0  0  0  0  0  0  0  0  0  0  0  0  0  2
and has class size 4096
and class representative
  2  2  1  1  1  1  1  1  2  2  1  1  0  0  1  1  0  0  0  0  0  0  0  0  0  0  0  0  0  0  0  0  1  1  1  1  1  1  1  0  0  0  0  0  0  0  0  1  0  0  0  0  0  0  0  0  0  0  0  0  0  0  0  0  0  0  0  0  0  0  0  0  0  0  0  0  0  0  0  0  2

Vertex #52
  2  2  1  1  1  1  1  1  2  2  1  1  0  0  1  0  0  0  0  1  0  0  0  0  0  0  0  0  0  0  0  0  1  1  1  1  1  1  1  0  0  0  0  0  0  0  0  0  0  0  0  0  0  0  0  1  0  0  0  0  0  0  0  0  0  0  0  0  0  0  0  0  0  0  0  0  0  0  0  0  2
has normalised form 
  2  2  1  1  1  1  1  1  2  2  1  1  0  0  1  0  0  0  0  1  0  0  0  0  0  0  0  0  0  0  0  0  1  1  1  1  1  1  1  0  0  0  0  0  0  0  0  0  0  0  0  0  0  0  0  1  0  0  0  0  0  0  0  0  0  0  0  0  0  0  0  0  0  0  0  0  0  0  0  0  2
and has class size 16384
and class representative
  2  2  1  1  1  1  1  1  2  2  1  1  0  0  1  0  0  0  0  1  0  0  0  0  0  0  0  0  0  0  0  0  1  1  1  1  1  1  1  0  0  0  0  0  0  0  0  0  0  0  0  0  0  0  0  1  0  0  0  0  0  0  0  0  0  0  0  0  0  0  0  0  0  0  0  0  0  0  0  0  2

Vertex #53
  2  2  1  1  1  1  1  1  2  2  1  1  0  0  0  0  0  0  1  1  0  0  0  0  0  0  0  0  0  0  0  0  1  1  1  1  1  1  1  0  0  0  0  0  0  0  0  0  0  0  0  0  0  0  0  1  0  0  0  0  0  0  0  0  0  0  0  0  0  0  0  0  0  0  0  0  0  0  0  0  2
has normalised form 
  2  2  1  1  1  1  1  1  2  2  1  1  0  0  0  0  0  0  1  1  0  0  0  0  0  0  0  0  0  0  0  0  1  1  1  1  1  1  1  0  0  0  0  0  0  0  0  0  0  0  0  0  0  0  0  1  0  0  0  0  0  0  0  0  0  0  0  0  0  0  0  0  0  0  0  0  0  0  0  0  2
and has class size 16384
and class representative
  2  2  1  1  1  1  1  1  2  2  1  1  0  0  0  0  0  0  1  1  0  0  0  0  0  0  0  0  0  0  0  0  1  1  1  1  1  1  1  0  0  0  0  0  0  0  0  0  0  0  0  0  0  0  0  1  0  0  0  0  0  0  0  0  0  0  0  0  0  0  0  0  0  0  0  0  0  0  0  0  2

Vertex #54
  1  1  1  1  1  1  1  0  1  1  1  1  0  0  0  0  0  0  0  0  1  1  1  1  0  0  0  0  0  0  0  0  1  1  1  1  1  0  1  0  0  0  0  0  0  0  0  0  0  0  0  0  0  0  0  0  0  0  0  0  0  1  0  1  0  0  0  0  0  0  0  0  0  0  0  0  0  0  0  0  2
has normalised form 
  1  1  1  1  1  1  1  0  1  1  1  1  0  0  0  0  0  0  0  0  1  1  1  1  0  0  0  0  0  0  0  0  1  1  1  1  1  0  1  0  0  0  0  0  0  0  0  0  0  0  0  0  0  0  0  0  0  0  0  0  0  1  0  1  0  0  0  0  0  0  0  0  0  0  0  0  0  0  0  0  2
and has class size 524288
and class representative
  1  1  1  1  1  1  1  0  1  1  1  1  0  0  0  0  0  0  0  0  1  1  1  1  0  0  0  0  0  0  0  0  1  1  1  1  1  0  1  0  0  0  0  0  0  0  0  0  0  0  0  0  0  0  0  0  0  0  0  0  0  1  0  1  0  0  0  0  0  0  0  0  0  0  0  0  0  0  0  0  2

Vertex #55
  1  1  1  1  1  1  1  1  1  1  1  1  0  0  0  0  0  0  0  0  0  0  0  0  0  0  0  0  0  0  0  0  1  1  1  1  1  1  1  1  0  0  0  0  0  0  0  0  0  0  0  0  0  0  0  0  0  0  0  0  0  0  0  0  0  0  0  0  0  0  0  0  0  0  0  0  0  0  0  0  1
has normalised form 
  1  1  1  1  1  1  1  1  1  1  1  1  0  0  0  0  0  0  0  0  0  0  0  0  0  0  0  0  0  0  0  0  1  1  1  1  1  1  1  1  0  0  0  0  0  0  0  0  0  0  0  0  0  0  0  0  0  0  0  0  0  0  0  0  0  0  0  0  0  0  0  0  0  0  0  0  0  0  0  0  1
and has class size 4096
and class representative
  1  1  1  1  1  1  1  1  1  1  1  1  0  0  0  0  0  0  0  0  0  0  0  0  0  0  0  0  0  0  0  0  1  1  1  1  1  1  1  1  0  0  0  0  0  0  0  0  0  0  0  0  0  0  0  0  0  0  0  0  0  0  0  0  0  0  0  0  0  0  0  0  0  0  0  0  0  0  0  0  1
